# Created by Octave 8.4.0, Mon Jan 22 14:22:59 2024 GMT <unknown@Issa>
# name: A
# type: matrix
# rows: 6
# columns: 6
 0.049601934598465847 0.98110307477239855 0.66801259514520106 0.87204328117628571 0.74930256941773754 0.0023445591102948526
 0.39491417699473796 0.32923504078628019 0.72262043819258381 0.91476069567676677 0.12132866331692982 0.1683997753726667
 0.80423850090361726 0.95337144787739958 0.61835481965190675 0.17868281422512389 0.85209176209227067 0.64882195500078399
 0.043817419361067644 0.518860793390999 0.42310374556942898 0.96010975058004355 0.57775261332215655 0.46605701587507287
 0.13315191441276675 0.60196162786851248 0.12394821130212286 0.4269905634899529 0.93917654481195145 0.94814471684579804
 0.76256077305123149 0.91648654003714547 0.5829119799885869 0.77038204403094201 0.78592911650379482 0.21559616838684792


# name: AD
# type: complex diagonal matrix
# rows: 6
# columns: 6
(3.2957420448873673,0)
(-0.33549501101939344,0.38559582100023293)
(-0.33549501101939344,-0.38559582100023293)
(0.50490131355599022,0)
(-0.13182843352365006,0)
(0.11424935593457676,0)


# name: AT
# type: matrix
# rows: 6
# columns: 6
 0.049601934598465847 0.39491417699473796 0.80423850090361726 0.043817419361067644 0.13315191441276675 0.76256077305123149
 0.98110307477239855 0.32923504078628019 0.95337144787739958 0.518860793390999 0.60196162786851248 0.91648654003714547
 0.66801259514520106 0.72262043819258381 0.61835481965190675 0.42310374556942898 0.12394821130212286 0.5829119799885869
 0.87204328117628571 0.91476069567676677 0.17868281422512389 0.96010975058004355 0.4269905634899529 0.77038204403094201
 0.74930256941773754 0.12132866331692982 0.85209176209227067 0.57775261332215655 0.93917654481195145 0.78592911650379482
 0.0023445591102948526 0.1683997753726667 0.64882195500078399 0.46605701587507287 0.94814471684579804 0.21559616838684792


# name: ATD
# type: complex diagonal matrix
# rows: 6
# columns: 6
(3.2957420448873704,0)
(-0.33549501101939272,0.38559582100023249)
(-0.33549501101939272,-0.38559582100023249)
(0.50490131355599055,0)
(-0.13182843352365101,0)
(0.114249355934578,0)


# name: ATU
# type: complex matrix
# rows: 6
# columns: 6
 (-0.25034307555483609,0) (-0.0633889691363064,-0.50009830378115794) (-0.0633889691363064,0.50009830378115794) (0.36375930083276153,0) (-0.14445375327761187,0) (-0.20698279302360068,0)
 (-0.48165861776352564,0) (-0.43427902726207979,-0.01576734135214234) (-0.43427902726207979,0.01576734135214234) (0.27371951004316514,0) (-0.5017846969838976,0) (-0.27839805699384784,0)
 (-0.3635447543141907,0) (-0.030133931764072766,0.2096747483046788) (-0.030133931764072766,-0.2096747483046788) (0.5057869669357753,0) (0.31130739743614017,0) (0.22494919068753511,0)
 (-0.50158622191043301,0) (-0.016611068213678543,0.33611774878120915) (-0.016611068213678543,-0.33611774878120915) (-0.58046720252078765,0) (0.65543279651084119,0) (0.77276805662598791,0)
 (-0.46640064624448102,0) (-0.23289726341652281,-0.067485047547168317) (-0.23289726341652281,0.067485047547168317) (-0.2277380680149319,0) (-0.44810559204926848,0) (-0.4761444713964178,0)
 (-0.32256818076006577,0) (0.5831969247788803,0) (0.5831969247788803,-0) (-0.38487601137485339,0) (0.0064933019703883625,0) (-0.071878229529825699,0)


# name: AU
# type: complex matrix
# rows: 6
# columns: 6
 (-0.38560167265869644,0) (0.61346475308021298,0) (0.61346475308021298,-0) (0.071781070507635936,0) (0.093512637985935385,0) (0.04237570483723184,0)
 (-0.32483338210661078,0) (-0.080903830633720322,-0.18403663882485621) (-0.080903830633720322,0.18403663882485621) (0.39857241967560891,0) (-0.68961781888680262,0) (0.60367108090866839,0)
 (-0.49322022138653132,0) (-0.32653319651629531,0.025993929180251615) (-0.32653319651629531,-0.025993929180251615) (0.59397140049001362,0) (0.35905281825739238,0) (-0.34074196058809569,0)
 (-0.35885578260708861,0) (0.15887302179635443,0.12121941834491509) (0.15887302179635443,-0.12121941834491509) (-0.36268191283344009,0) (-0.0036935981225606966,0) (0.16766825715503725,0)
 (-0.38635406305006503,0) (-0.10287380652379158,0.39401646072259899) (-0.10287380652379158,-0.39401646072259899) (-0.58598229687423198,0) (0.5653215743490716,0) (-0.67865424206532776,0)
 (-0.47379478931450619,0) (-0.085585949456585583,-0.51269361136420277) (-0.085585949456585583,0.51269361136420277) (0.090950851805337171,0) (-0.25915554985479378,0) (0.17028275684289332,0)


# name: B
# type: matrix
# rows: 6
# columns: 6
 0.89621474747774477 0.53308916749199897 0.74575803584418776 0.23381734483809591 0.10074330698162637 0.71726023124883009
 0.9980862341962855 0.86088815786697637 0.87621664735952087 0.57488284797689415 0.57351855504896332 0.58685679525829171
 0.032010820326172751 0.57216785863256592 0.52194708134111545 0.80748689543187391 0.68885622724633266 0.43004328863085073
 0.31643771483823835 0.71676409825738685 0.42360249257508065 0.66744254061700337 0.9550185007442209 0.23689351201570064
 0.39054427143860515 0.55263594591122678 0.30681585950311585 0.81246910260402694 0.79508304838239341 0.41779490403320452
 0.63410635581649255 0.49819582172488475 0.90879212188413816 0.10728674791977966 0.41351602185470449 0.11945408760719411


# name: BD
# type: complex diagonal matrix
# rows: 6
# columns: 6
(3.3809400034179986,0)
(0.50770688094344008,0.32163807348686729)
(0.50770688094344008,-0.32163807348686729)
(-0.52468800717928543,0)
(-0.1153171008859932,0)
(0.10468100605282467,0)


# name: BT
# type: matrix
# rows: 6
# columns: 6
 0.89621474747774477 0.9980862341962855 0.032010820326172751 0.31643771483823835 0.39054427143860515 0.63410635581649255
 0.53308916749199897 0.86088815786697637 0.57216785863256592 0.71676409825738685 0.55263594591122678 0.49819582172488475
 0.74575803584418776 0.87621664735952087 0.52194708134111545 0.42360249257508065 0.30681585950311585 0.90879212188413816
 0.23381734483809591 0.57488284797689415 0.80748689543187391 0.66744254061700337 0.81246910260402694 0.10728674791977966
 0.10074330698162637 0.57351855504896332 0.68885622724633266 0.9550185007442209 0.79508304838239341 0.41351602185470449
 0.71726023124883009 0.58685679525829171 0.43004328863085073 0.23689351201570064 0.41779490403320452 0.11945408760719411


# name: BTD
# type: complex diagonal matrix
# rows: 6
# columns: 6
(3.3809400034180044,0)
(0.50770688094343974,0.32163807348686724)
(0.50770688094343974,-0.32163807348686724)
(-0.52468800717928632,0)
(-0.11531710088599299,0)
(0.10468100605282486,0)


# name: BTU
# type: complex matrix
# rows: 6
# columns: 6
 (-0.38665994662558401,0) (-0.13569010058003997,-0.34542160165016161) (-0.13569010058003997,0.34542160165016161) (-0.22037258444750824,0) (0.418768291434091,0) (0.34679023124332187,0)
 (-0.45387495521085885,0) (0.022100765304582441,0.026539965737997048) (0.022100765304582441,-0.026539965737997048) (-0.12873959008772393,0) (-0.41999470583714105,0) (-0.65999635907900378,0)
 (-0.44482580355691637,0) (-0.60420225059758181,0) (-0.60420225059758181,-0) (-0.41336157740721619,0) (-0.042145669448977414,0) (-0.23842591443983399,0)
 (-0.40373822872611365,0) (0.31570569634020385,0.18490700169720362) (0.31570569634020385,-0.18490700169720362) (0.52673200503919448,0) (0.67819097674307394,0) (0.0098219482475690786,0)
 (-0.43293368497814688,0) (0.51802534736387584,0.18298040409549765) (0.51802534736387584,-0.18298040409549765) (-0.2912272960609853,0) (-0.42399847842100435,0) (0.5621144821784575,0)
 (-0.31013784398897232,0) (-0.22253849001724382,-0.10393645255894039) (-0.22253849001724382,0.10393645255894039) (0.6338251377058074,0) (-0.082119407363860489,0) (0.26688061581549449,0)


