# Created by Octave 8.4.0, Mon Jan 22 14:22:59 2024 GMT <unknown@Issa>
# name: A
# type: matrix
# rows: 6
# columns: 6
 0.049601934598465847 0.98110307477239855 0.66801259514520106 0.87204328117628571 0.74930256941773754 0.0023445591102948526
 0.39491417699473796 0.32923504078628019 0.72262043819258381 0.91476069567676677 0.12132866331692982 0.1683997753726667
 0.80423850090361726 0.95337144787739958 0.61835481965190675 0.17868281422512389 0.85209176209227067 0.64882195500078399
 0.043817419361067644 0.518860793390999 0.42310374556942898 0.96010975058004355 0.57775261332215655 0.46605701587507287
 0.13315191441276675 0.60196162786851248 0.12394821130212286 0.4269905634899529 0.93917654481195145 0.94814471684579804
 0.76256077305123149 0.91648654003714547 0.5829119799885869 0.77038204403094201 0.78592911650379482 0.21559616838684792


# name: AD
# type: complex diagonal matrix
# rows: 6
# columns: 6
(3.2957420448873673,0)
(-0.33549501101939344,0.38559582100023293)
(-0.33549501101939344,-0.38559582100023293)
(0.50490131355599022,0)
(-0.13182843352365006,0)
(0.11424935593457676,0)


# name: AT
# type: matrix
# rows: 6
# columns: 6
 0.049601934598465847 0.39491417699473796 0.80423850090361726 0.043817419361067644 0.13315191441276675 0.76256077305123149
 0.98110307477239855 0.32923504078628019 0.95337144787739958 0.518860793390999 0.60196162786851248 0.91648654003714547
 0.66801259514520106 0.72262043819258381 0.61835481965190675 0.42310374556942898 0.12394821130212286 0.5829119799885869
 0.87204328117628571 0.91476069567676677 0.17868281422512389 0.96010975058004355 0.4269905634899529 0.77038204403094201
 0.74930256941773754 0.12132866331692982 0.85209176209227067 0.57775261332215655 0.93917654481195145 0.78592911650379482
 0.0023445591102948526 0.1683997753726667 0.64882195500078399 0.46605701587507287 0.94814471684579804 0.21559616838684792


# name: ATD
# type: complex diagonal matrix
# rows: 6
# columns: 6
(3.2957420448873704,0)
(-0.33549501101939272,0.38559582100023249)
(-0.33549501101939272,-0.38559582100023249)
(0.50490131355599055,0)
(-0.13182843352365101,0)
(0.114249355934578,0)


# name: ATU
# type: complex matrix
# rows: 6
# columns: 6
 (-0.25034307555483609,0) (-0.0633889691363064,-0.50009830378115794) (-0.0633889691363064,0.50009830378115794) (0.36375930083276153,0) (-0.14445375327761187,0) (-0.20698279302360068,0)
 (-0.48165861776352564,0) (-0.43427902726207979,-0.01576734135214234) (-0.43427902726207979,0.01576734135214234) (0.27371951004316514,0) (-0.5017846969838976,0) (-0.27839805699384784,0)
 (-0.3635447543141907,0) (-0.030133931764072766,0.2096747483046788) (-0.030133931764072766,-0.2096747483046788) (0.5057869669357753,0) (0.31130739743614017,0) (0.22494919068753511,0)
 (-0.50158622191043301,0) (-0.016611068213678543,0.33611774878120915) (-0.016611068213678543,-0.33611774878120915) (-0.58046720252078765,0) (0.65543279651084119,0) (0.77276805662598791,0)
 (-0.46640064624448102,0) (-0.23289726341652281,-0.067485047547168317) (-0.23289726341652281,0.067485047547168317) (-0.2277380680149319,0) (-0.44810559204926848,0) (-0.4761444713964178,0)
 (-0.32256818076006577,0) (0.5831969247788803,0) (0.5831969247788803,-0) (-0.38487601137485339,0) (0.0064933019703883625,0) (-0.071878229529825699,0)


# name: AU
# type: complex matrix
# rows: 6
# columns: 6
 (-0.38560167265869644,0) (0.61346475308021298,0) (0.61346475308021298,-0) (0.071781070507635936,0) (0.093512637985935385,0) (0.04237570483723184,0)
 (-0.32483338210661078,0) (-0.080903830633720322,-0.18403663882485621) (-0.080903830633720322,0.18403663882485621) (0.39857241967560891,0) (-0.68961781888680262,0) (0.60367108090866839,0)
 (-0.49322022138653132,0) (-0.32653319651629531,0.025993929180251615) (-0.32653319651629531,-0.025993929180251615) (0.59397140049001362,0) (0.35905281825739238,0) (-0.34074196058809569,0)
 (-0.35885578260708861,0) (0.15887302179635443,0.12121941834491509) (0.15887302179635443,-0.12121941834491509) (-0.36268191283344009,0) (-0.0036935981225606966,0) (0.16766825715503725,0)
 (-0.38635406305006503,0) (-0.10287380652379158,0.39401646072259899) (-0.10287380652379158,-0.39401646072259899) (-0.58598229687423198,0) (0.5653215743490716,0) (-0.67865424206532776,0)
 (-0.47379478931450619,0) (-0.085585949456585583,-0.51269361136420277) (-0.085585949456585583,0.51269361136420277) (0.090950851805337171,0) (-0.25915554985479378,0) (0.17028275684289332,0)


# name: B
# type: matrix
# rows: 6
# columns: 6
 0.89621474747774477 0.53308916749199897 0.74575803584418776 0.23381734483809591 0.10074330698162637 0.71726023124883009
 0.9980862341962855 0.86088815786697637 0.87621664735952087 0.57488284797689415 0.57351855504896332 0.58685679525829171
 0.032010820326172751 0.57216785863256592 0.52194708134111545 0.80748689543187391 0.68885622724633266 0.43004328863085073
 0.31643771483823835 0.71676409825738685 0.42360249257508065 0.66744254061700337 0.9550185007442209 0.23689351201570064
 0.39054427143860515 0.55263594591122678 0.30681585950311585 0.81246910260402694 0.79508304838239341 0.41779490403320452
 0.63410635581649255 0.49819582172488475 0.90879212188413816 0.10728674791977966 0.41351602185470449 0.11945408760719411


# name: BD
# type: complex diagonal matrix
# rows: 6
# columns: 6
(3.3809400034179986,0)
(0.50770688094344008,0.32163807348686729)
(0.50770688094344008,-0.32163807348686729)
(-0.52468800717928543,0)
(-0.1153171008859932,0)
(0.10468100605282467,0)


# name: BT
# type: matrix
# rows: 6
# columns: 6
 0.89621474747774477 0.9980862341962855 0.032010820326172751 0.31643771483823835 0.39054427143860515 0.63410635581649255
 0.53308916749199897 0.86088815786697637 0.57216785863256592 0.71676409825738685 0.55263594591122678 0.49819582172488475
 0.74575803584418776 0.87621664735952087 0.52194708134111545 0.42360249257508065 0.30681585950311585 0.90879212188413816
 0.23381734483809591 0.57488284797689415 0.80748689543187391 0.66744254061700337 0.81246910260402694 0.10728674791977966
 0.10074330698162637 0.57351855504896332 0.68885622724633266 0.9550185007442209 0.79508304838239341 0.41351602185470449
 0.71726023124883009 0.58685679525829171 0.43004328863085073 0.23689351201570064 0.41779490403320452 0.11945408760719411


# name: BTD
# type: complex diagonal matrix
# rows: 6
# columns: 6
(3.3809400034180044,0)
(0.50770688094343974,0.32163807348686724)
(0.50770688094343974,-0.32163807348686724)
(-0.52468800717928632,0)
(-0.11531710088599299,0)
(0.10468100605282486,0)


# name: BTU
# type: complex matrix
# rows: 6
# columns: 6
 (-0.38665994662558401,0) (-0.13569010058003997,-0.34542160165016161) (-0.13569010058003997,0.34542160165016161) (-0.22037258444750824,0) (0.418768291434091,0) (0.34679023124332187,0)
 (-0.45387495521085885,0) (0.022100765304582441,0.026539965737997048) (0.022100765304582441,-0.026539965737997048) (-0.12873959008772393,0) (-0.41999470583714105,0) (-0.65999635907900378,0)
 (-0.44482580355691637,0) (-0.60420225059758181,0) (-0.60420225059758181,-0) (-0.41336157740721619,0) (-0.042145669448977414,0) (-0.23842591443983399,0)
 (-0.40373822872611365,0) (0.31570569634020385,0.18490700169720362) (0.31570569634020385,-0.18490700169720362) (0.52673200503919448,0) (0.67819097674307394,0) (0.0098219482475690786,0)
 (-0.43293368497814688,0) (0.51802534736387584,0.18298040409549765) (0.51802534736387584,-0.18298040409549765) (-0.2912272960609853,0) (-0.42399847842100435,0) (0.5621144821784575,0)
 (-0.31013784398897232,0) (-0.22253849001724382,-0.10393645255894039) (-0.22253849001724382,0.10393645255894039) (0.6338251377058074,0) (-0.082119407363860489,0) (0.26688061581549449,0)


# name: BU
# type: complex matrix
# rows: 6
# columns: 6
 (-0.37512707677325097,0) (0.58573736622945638,0) (0.58573736622945638,-0) (0.28153939752352042,0) (-0.30419011265037171,0) (-0.028228675794124327,0)
 (-0.53757511133988323,0) (0.37714474643280937,-0.12136225324296557) (0.37714474643280937,0.12136225324296557) (-0.11174096518017704,0) (0.35776374235008163,0) (0.77457733898382242,0)
 (-0.37237971347441085,0) (-0.53535940975452301,0.23147511709957677) (-0.53535940975452301,-0.23147511709957677) (0.3613633827330831,0) (-0.17833930678689303,0) (-0.19361275879217835,0)
 (-0.41187502358682238,0) (-0.26165549932554272,-0.11660385182048055) (-0.26165549932554272,0.11660385182048055) (-0.16763723358416652,0) (-0.62922654457851923,0) (0.14035376316645801,0)
 (-0.39727993708042136,0) (-0.17369293494789637,-0.12170293295737257) (-0.17369293494789637,0.12170293295737257) (0.24549413854303859,0) (0.30024634090949182,0) (-0.48937519498255672,0)
 (-0.32272843300662912,0) (0.068749417740454538,0.16729307670063298) (0.068749417740454538,-0.16729307670063298) (-0.83023877036648785,0) (0.51146325581455709,0) (-0.32024978864837855,0)


# name: Bu
# type: complex matrix
# rows: 6
# columns: 6
 (-0.37512707677325097,0) (0.58573736622945638,0) (0.58573736622945638,-0) (0.28153939752352042,0) (-0.30419011265037171,0) (-0.028228675794124327,0)
 (-0.53757511133988323,0) (0.37714474643280937,-0.12136225324296557) (0.37714474643280937,0.12136225324296557) (-0.11174096518017704,0) (0.35776374235008163,0) (0.77457733898382242,0)
 (-0.37237971347441085,0) (-0.53535940975452301,0.23147511709957677) (-0.53535940975452301,-0.23147511709957677) (0.3613633827330831,0) (-0.17833930678689303,0) (-0.19361275879217835,0)
 (-0.41187502358682238,0) (-0.26165549932554272,-0.11660385182048055) (-0.26165549932554272,0.11660385182048055) (-0.16763723358416652,0) (-0.62922654457851923,0) (0.14035376316645801,0)
 (-0.39727993708042136,0) (-0.17369293494789637,-0.12170293295737257) (-0.17369293494789637,0.12170293295737257) (0.24549413854303859,0) (0.30024634090949182,0) (-0.48937519498255672,0)
 (-0.32272843300662912,0) (0.068749417740454538,0.16729307670063298) (0.068749417740454538,-0.16729307670063298) (-0.83023877036648785,0) (0.51146325581455709,0) (-0.32024978864837855,0)


# name: C
# type: matrix
# rows: 6
# columns: 6
 0.55650465541688099 0.03345675107517232 0.39133620235792455 0.37276336365565799 0.13701596971646879 0.20082657230765288
 0.049599758573416919 0.25522779511876148 0.74334454571031061 0.21628423871141911 0.50349393842252488 0.4886748065392762
 0.88708438246138954 0.2103272711363785 0.60092449148933658 0.054311006078333834 0.65996611701508279 0.4017125716869081
 0.81478765853559099 0.66487094058030938 0.95632262663418555 0.26448142071157943 0.98127382252721329 0.5681588632031096
 0.81516662002705742 0.46891702690048853 0.17279684709147225 0.68957466716775839 0.33933158057218438 0.61306568120129623
 0.94650874147334429 0.12970817197033735 0.47316669063213046 0.37665219632572156 0.41372669749105817 0.82781999505598292


# name: CD
# type: complex diagonal matrix
# rows: 6
# columns: 6
(2.7581755701775115,0)
(0.33472826841531478,0.19000443781835988)
(0.33472826841531478,-0.19000443781835988)
(-0.21523776072153178,0.28330479864507513)
(-0.21523776072153178,-0.28330479864507513)
(-0.15286664720034676,0)


# name: CT
# type: matrix
# rows: 6
# columns: 6
 0.55650465541688099 0.049599758573416919 0.88708438246138954 0.81478765853559099 0.81516662002705742 0.94650874147334429
 0.03345675107517232 0.25522779511876148 0.2103272711363785 0.66487094058030938 0.46891702690048853 0.12970817197033735
 0.39133620235792455 0.74334454571031061 0.60092449148933658 0.95632262663418555 0.17279684709147225 0.47316669063213046
 0.37276336365565799 0.21628423871141911 0.054311006078333834 0.26448142071157943 0.68957466716775839 0.37665219632572156
 0.13701596971646879 0.50349393842252488 0.65996611701508279 0.98127382252721329 0.33933158057218438 0.41372669749105817
 0.20082657230765288 0.4886748065392762 0.4017125716869081 0.5681588632031096 0.61306568120129623 0.82781999505598292


# name: CTD
# type: complex diagonal matrix
# rows: 6
# columns: 6
(2.7581755701775079,0)
(0.3347282684153145,0.19000443781835996)
(0.3347282684153145,-0.19000443781835996)
(-0.21523776072153206,0.28330479864507446)
(-0.21523776072153206,-0.28330479864507446)
(-0.15286664720034598,0)


# name: CTU
# type: complex matrix
# rows: 6
# columns: 6
 (0.60524723334043717,0) (0.65562315821188211,0) (0.65562315821188211,-0) (-0.29594577953331003,-0.130439085060508) (-0.29594577953331003,0.130439085060508) (0.048125587383192073,0)
 (0.21406291209475078,0) (-0.28666376156564832,-0.17726683992550837) (-0.28666376156564832,0.17726683992550837) (0.11807530886944911,-0.069075473871640147) (0.11807530886944911,0.069075473871640147) (-0.37121902733020928,0)
 (0.43231223650270145,0) (0.11914543240852743,-0.24173400701579911) (0.11914543240852743,0.24173400701579911) (0.57329462418649624,0) (0.57329462418649624,-0) (-0.51414146582718123,0)
 (0.28711539311455225,0) (0.09507679996703676,0.0021145161631717182) (0.09507679996703676,-0.0021145161631717182) (-0.42661073049621756,0.32774007400457023) (-0.42661073049621756,-0.32774007400457023) (0.6075715746936553,0)
 (0.38401456377070692,0) (-0.1574425529184538,-0.18630335459087052) (-0.1574425529184538,0.18630335459087052) (0.34568087393516156,-0.31850403210662531) (0.34568087393516156,0.31850403210662531) (-0.38756978462907821,0)
 (0.41358983572854358,0) (-0.19651252608010705,0.52608870553752884) (-0.19651252608010705,-0.52608870553752884) (-0.19361642231437834,0.013569795246902003) (-0.19361642231437834,-0.013569795246902003) (0.27601695304990853,0)


# name: CU
# type: complex matrix
# rows: 6
# columns: 6
 (0.23224870997100844,0) (-0.0036876545289151286,0.27645935545525108) (-0.0036876545289151286,-0.27645935545525108) (-0.030545051832927512,0.21372665556023315) (-0.030545051832927512,-0.21372665556023315) (-0.2085311445046161,0)
 (0.33285866018007354,0) (-0.020070420940329077,-0.34984967242815052) (-0.020070420940329077,0.34984967242815052) (-0.49600502909066974,0.34302493473085899) (-0.49600502909066974,-0.34302493473085899) (-0.68135278345424,0)
 (0.35729780653592397,0) (0.11570680020327248,0.206914632285291) (0.11570680020327248,-0.206914632285291) (-0.20503987237208865,-0.36123310635549422) (-0.20503987237208865,0.36123310635549422) (-0.081836673477135302,0)
 (0.57306404931741539,0) (-0.40436664441896158,-0.24557364648303781) (-0.40436664441896158,0.24557364648303781) (-0.052921847774635197,-0.090297033475491811) (-0.052921847774635197,0.090297033475491811) (0.35552706808133805,0)
 (0.44070301306974946,0) (-0.38742437771603577,-0.2900415355375639) (-0.38742437771603577,0.2900415355375639) (0.63433439043725137,0) (0.63433439043725137,-0) (0.59656243706542988,0)
 (0.43009577556134798,0) (0.53527258707337766,0) (0.53527258707337766,-0) (-0.036495413920052004,-0.050038035899321827) (-0.036495413920052004,0.050038035899321827) (-0.057355624562842648,0)


# name: ans
# type: matrix
# rows: 6
# columns: 6
 0.049601934598465847 0.39491417699473796 0.80423850090361726 0.043817419361067644 0.13315191441276675 0.76256077305123149
 0.98110307477239855 0.32923504078628019 0.95337144787739958 0.518860793390999 0.60196162786851248 0.91648654003714547
 0.66801259514520106 0.72262043819258381 0.61835481965190675 0.42310374556942898 0.12394821130212286 0.5829119799885869
 0.87204328117628571 0.91476069567676677 0.17868281422512389 0.96010975058004355 0.4269905634899529 0.77038204403094201
 0.74930256941773754 0.12132866331692982 0.85209176209227067 0.57775261332215655 0.93917654481195145 0.78592911650379482
 0.0023445591102948526 0.1683997753726667 0.64882195500078399 0.46605701587507287 0.94814471684579804 0.21559616838684792


